ncols         180
nrows         90
xllcorner     -180
yllcorner     -90
cellsize      2
NODATA_value  -9999
201 201 201 201 201 201 201 201 201 201 201 201 201 201 201 201 201 201 201 201 201 201 201 201 201 201 201 201 201 201 201 201 201 201 201 201 201 201 201 201 201 201 201 201 201 201 201 201 201 201 201 201 201 201 201 201 201 201 201 201 201 201 201 201 201 201 201 201 201 201 201 201 201 201 201 201 201 201 201 201 201 201 201 201 201 201 201 201 201 201 201 201 201 201 201 201 201 201 201 201 201 201 201 201 201 201 201 201 201 201 201 201 201 201 201 201 201 201 201 201 201 201 201 201 201 201 201 201 201 201 201 201 201 201 201 201 201 201 201 201 201 201 201 201 201 201 201 201 201 201 201 201 201 201 201 201 201 201 201 201 201 201 201 201 201 201 201 201 201 201 201 201 201 201 201 201 201 201 201 201 
201 201 201 201 201 201 201 201 201 201 201 201 201 201 201 201 201 201 201 201 201 201 201 201 201 201 201 201 201 201 201 201 201 201 201 201 201 201 201 201 201 201 201 201 201 201 201 201 201 201 201 201 201 201 201 201 201 201 201 201 201 201 201 201 201 201 201 201 201 201 201 201 201 201 201 201 201 201 201 201 201 201 201 201 201 201 201 201 201 201 201 201 201 201 201 201 201 201 201 201 201 201 201 201 201 201 201 201 201 201 201 201 201 201 201 201 201 201 201 201 201 201 201 201 201 201 201 201 201 201 201 201 201 201 201 201 201 201 201 201 201 201 201 201 201 201 201 201 201 201 201 201 201 201 201 201 201 201 201 201 201 201 201 201 201 201 201 201 201 201 201 201 201 201 201 201 201 201 201 201 
201 201 201 201 201 201 201 201 201 201 201 201 201 201 201 201 201 201 201 201 201 201 201 201 201 201 201 201 201 201 201 201 201 201 201 201 201 201 201 201 201 201 201 201 201 201 201 201 201 201 201 201 201 201 201 201 201 201 201 201 201 201 201 201 201 201 201 201 201 201 201 201 201 201 201 201 201 201 201 201 201 201 201 201 201 201 201 201 201 201 201 201 201 201 201 201 201 201 201 201 201 201 201 201 201 201 201 201 201 201 201 201 201 201 201 201 201 201 201 201 201 201 201 201 201 201 201 201 201 201 201 201 201 201 201 201 201 201 201 201 201 201 201 201 201 201 201 201 201 201 201 201 201 201 201 201 201 201 201 201 201 201 201 201 201 201 201 201 201 201 201 201 201 201 201 201 201 201 201 201 
201 201 201 201 201 201 201 201 201 201 201 201 201 201 201 201 201 201 201 201 201 201 201 201 201 201 201 201 201 201 201 201 201 201 201 201 201 201 201 201 201 201 201 201 201 201 202 203 204 205 205 205 205 205 204 203 202 202 202 201 201 201 202 202 202 202 202 202 12 202 12 12 12 53 54 54 54 203 202 202 202 202 201 201 201 201 201 201 201 201 201 201 201 201 201 201 201 201 201 201 201 201 201 201 201 201 201 201 201 201 201 201 201 201 201 201 201 201 201 201 201 201 201 201 201 201 201 201 201 201 201 201 201 201 201 201 201 201 201 201 201 201 201 201 201 201 201 201 201 201 201 201 201 201 201 201 201 201 201 201 201 201 201 201 201 201 201 201 201 201 201 201 201 201 201 201 201 201 201 201 
201 201 201 201 201 201 201 201 201 201 201 201 201 201 201 201 201 201 201 201 201 201 201 201 201 201 201 201 201 201 201 201 201 201 201 201 201 201 201 201 201 201 202 53 203 13 12 13 14 14 15 15 14 13 53 52 52 52 3 3 3 52 52 52 52 52 53 54 55 55 55 55 55 106 106 106 106 55 13 12 12 11 201 201 201 201 201 201 201 201 201 201 201 201 201 201 202 202 202 202 202 202 202 201 201 201 201 201 201 201 201 201 201 201 201 201 201 201 201 201 201 201 201 201 201 201 201 201 201 201 201 201 201 201 201 201 201 51 201 201 201 201 201 201 201 201 201 201 201 201 201 201 201 201 201 201 201 201 201 201 201 201 201 201 201 201 201 201 201 201 201 201 201 201 201 201 201 201 201 201 
201 201 201 201 201 201 201 201 201 201 201 201 201 201 201 201 201 201 201 201 201 201 201 201 201 201 201 201 201 201 201 201 201 201 201 201 201 201 201 201 201 201 202 53 12 12 12 12 14 14 14 15 205 205 204 203 52 52 2 2 2 51 52 52 51 52 105 106 107 107 107 107 106 106 105 105 106 105 13 12 202 202 201 201 201 201 201 201 201 201 201 201 201 201 201 202 52 53 53 52 201 201 202 201 201 201 201 201 201 201 201 201 201 201 201 201 201 201 201 201 201 201 201 201 201 201 201 201 201 201 201 201 201 201 201 201 201 201 201 51 201 201 201 201 201 201 201 201 201 201 201 201 201 201 201 201 201 201 201 201 201 201 201 201 201 201 201 201 201 201 201 201 201 201 201 201 201 201 201 201 
201 201 201 201 201 201 201 201 201 201 201 201 201 201 201 201 201 201 201 201 201 201 201 201 201 201 201 201 201 201 201 201 201 201 201 201 201 201 201 201 201 201 202 203 203 203 12 12 13 13 14 205 204 203 202 12 11 11 11 11 11 11 12 12 11 12 106 106 104 104 104 104 104 103 102 102 105 106 14 202 202 201 201 201 201 201 201 201 201 201 201 201 201 201 201 202 202 202 202 202 202 202 202 201 201 201 201 201 201 201 201 201 201 201 201 201 201 201 201 202 202 201 201 201 201 201 201 201 201 201 201 201 201 201 201 201 201 201 201 201 201 51 52 202 202 202 201 201 201 201 201 201 201 201 201 201 201 201 201 201 201 201 201 201 201 201 201 201 201 201 201 201 201 201 201 201 201 201 201 201 
201 201 201 201 201 201 201 201 201 201 201 201 201 201 201 201 201 201 201 201 201 201 201 201 201 201 201 201 202 202 202 201 201 11 201 201 201 201 201 201 201 201 201 201 11 201 202 11 12 13 203 202 201 201 201 201 202 202 202 202 202 11 12 12 12 12 106 106 103 102 102 102 101 101 101 102 106 16 13 12 202 201 201 201 201 201 201 201 201 201 201 201 201 201 201 201 202 203 203 202 201 201 201 201 201 201 201 201 201 201 201 201 201 201 201 201 201 202 52 51 201 201 201 201 201 201 201 201 201 201 201 201 201 201 51 51 51 51 51 51 51 51 51 51 51 52 202 201 201 201 201 201 201 201 201 201 201 201 201 51 201 201 201 201 201 201 201 201 201 201 201 201 201 201 201 201 201 201 201 201 
201 201 201 201 201 201 201 201 201 201 201 201 201 201 201 201 201 201 201 201 201 201 201 201 201 201 201 201 12 12 12 11 11 201 201 202 11 201 201 201 11 202 11 11 201 12 12 201 12 12 11 12 203 202 202 201 201 201 201 201 201 202 12 12 12 12 15 106 106 106 106 105 104 103 104 104 106 7 8 202 201 201 201 201 201 201 201 201 201 201 201 201 201 201 201 201 201 201 201 201 201 201 201 201 201 201 201 201 201 201 201 201 201 201 201 201 202 11 201 202 202 201 201 201 201 201 201 201 201 201 201 11 11 11 11 11 11 11 11 11 11 11 11 11 11 12 11 11 11 11 201 201 11 201 201 201 201 201 201 201 201 201 201 201 201 201 201 201 201 201 201 201 201 201 201 201 201 201 201 201 
201 201 201 201 201 201 201 201 201 202 202 202 202 202 202 202 202 202 202 202 201 201 201 201 201 201 201 201 202 202 202 11 11 11 11 12 11 11 201 201 201 201 11 202 202 202 12 11 11 11 12 12 12 13 203 203 202 201 201 201 201 201 202 201 12 3 4 14 15 16 16 107 107 107 107 107 106 10 8 202 201 201 201 201 201 201 201 201 201 201 201 201 201 201 201 201 201 201 202 202 203 202 202 202 202 202 201 201 201 201 201 201 201 201 201 201 201 12 202 201 201 201 201 201 11 11 201 11 11 11 11 11 11 11 12 12 12 13 13 12 12 12 12 12 12 12 12 11 11 12 12 12 12 13 13 202 12 12 12 12 12 12 11 11 11 11 201 201 11 201 201 201 201 201 201 202 202 202 202 201 
202 202 202 201 201 201 201 201 12 12 12 12 12 12 12 12 12 12 52 52 12 202 12 201 11 12 12 12 12 12 12 12 12 12 11 12 12 12 202 201 201 11 201 11 202 201 201 11 12 202 202 203 13 12 11 12 203 203 202 201 201 201 201 201 201 3 3 11 11 11 12 14 15 11 11 10 10 203 202 202 201 201 201 201 201 201 201 201 201 201 201 201 201 201 201 201 201 202 203 13 13 12 12 12 12 12 12 12 202 202 201 201 201 201 201 201 201 201 201 201 11 12 12 202 11 11 201 11 11 11 11 11 11 12 12 12 13 13 13 13 12 12 12 12 12 12 12 12 12 12 11 11 12 14 14 14 12 13 13 14 13 13 13 12 12 11 11 12 12 12 12 12 12 12 12 12 12 13 53 13 
12 12 202 202 201 201 201 201 201 12 12 11 11 11 11 11 11 12 12 12 13 13 13 13 13 12 11 11 11 12 12 12 12 12 12 12 12 12 12 12 12 11 11 12 12 12 11 11 12 202 201 201 202 202 12 12 11 12 203 202 201 201 201 11 11 3 3 6 6 6 7 7 7 202 202 202 202 202 201 202 203 203 203 202 201 201 201 201 201 201 201 201 201 201 201 201 202 8 12 11 12 7 7 7 6 7 6 6 6 6 201 201 201 201 6 6 6 6 6 6 7 7 7 7 7 6 201 6 6 6 6 6 6 12 12 12 12 12 12 12 12 11 11 11 11 11 12 12 12 11 12 11 13 14 13 14 13 13 14 14 14 14 14 14 13 12 12 12 12 12 12 12 12 12 12 12 11 12 51 52 
202 202 52 52 201 201 201 51 51 52 52 12 12 12 11 12 12 12 12 11 12 12 13 13 4 4 13 11 12 12 12 12 11 11 11 11 11 11 12 12 12 12 11 11 12 12 201 12 202 201 201 201 201 11 12 12 12 202 202 202 201 201 201 202 11 3 3 6 6 7 202 202 202 201 201 201 201 201 202 7 7 7 12 202 201 201 201 201 201 201 201 201 201 201 202 202 7 7 7 8 8 202 7 7 7 7 7 202 202 201 6 6 6 6 6 6 6 6 7 7 6 6 7 7 7 6 6 6 6 2 2 2 2 3 3 12 12 12 12 12 12 11 11 11 2 2 11 11 12 3 2 2 4 14 13 13 12 12 13 13 14 14 14 14 14 13 12 12 12 12 11 11 6 6 6 6 6 7 8 8 
201 202 202 202 201 201 201 201 6 6 6 6 7 12 13 12 13 13 12 12 12 11 12 3 11 12 13 13 4 3 2 3 2 2 2 11 11 11 11 11 12 12 11 11 202 201 201 201 201 201 201 201 202 201 201 12 12 202 202 201 201 201 201 201 202 7 7 7 7 202 202 201 201 201 201 201 201 201 202 202 203 203 203 202 201 201 201 201 201 201 201 201 202 203 8 7 7 7 7 202 202 6 6 7 7 7 7 6 6 6 6 6 6 6 6 6 6 6 7 7 7 7 7 7 6 6 6 6 6 6 6 2 2 3 3 3 2 2 2 2 2 2 2 2 2 2 2 3 2 2 2 2 3 4 5 4 3 3 5 13 12 12 12 13 13 12 12 12 12 12 7 7 7 6 7 12 12 7 7 202 
201 201 201 201 201 201 201 6 6 6 6 6 8 7 11 12 13 13 12 12 2 2 2 12 12 11 12 4 4 4 3 3 2 2 2 2 2 2 2 11 12 12 12 201 201 201 201 201 201 201 201 6 7 6 6 202 202 202 201 201 201 201 201 201 201 202 7 7 7 202 201 201 201 201 201 201 201 201 201 202 202 202 201 201 201 201 201 201 201 201 201 201 203 8 7 7 7 7 7 202 201 6 6 6 6 6 6 6 6 6 6 6 6 6 6 6 6 6 7 6 7 6 6 6 6 6 6 6 6 6 6 6 6 6 3 3 3 2 2 2 2 2 2 2 2 2 2 3 3 3 3 3 3 2 3 3 3 3 5 14 15 15 15 14 13 13 13 13 203 202 201 201 7 7 7 13 203 202 202 201 
201 201 201 201 201 201 201 201 201 6 6 7 8 203 203 203 203 204 203 203 203 4 13 12 12 11 11 11 2 4 3 2 2 2 2 2 2 2 2 2 2 3 3 201 201 201 201 201 201 201 201 6 7 6 7 202 202 7 202 201 201 201 201 201 201 201 201 201 201 201 201 201 201 201 201 201 201 201 201 201 201 201 201 201 201 201 201 201 201 201 201 201 203 8 8 8 7 7 202 201 201 201 6 6 6 6 6 6 6 6 6 6 6 6 6 6 6 6 7 6 7 6 6 6 6 6 6 6 6 6 6 6 6 6 6 7 3 2 2 2 2 2 2 2 3 4 5 5 6 6 5 4 4 3 3 3 3 3 4 14 14 204 203 203 203 202 202 201 202 202 7 202 202 203 203 203 202 201 201 201 
201 201 201 201 201 201 201 201 201 201 201 201 202 203 202 202 201 201 201 202 202 203 203 14 13 12 6 6 2 3 9 4 3 3 2 2 2 2 2 2 2 3 3 2 2 201 201 201 201 201 201 202 7 7 7 7 7 7 7 202 201 201 201 201 201 201 201 201 201 201 201 201 201 201 201 201 201 201 201 201 201 201 201 201 201 201 202 7 7 201 201 201 202 202 202 202 6 6 201 201 201 6 6 6 6 6 6 6 6 6 6 6 6 6 6 6 6 6 7 6 7 7 6 6 6 6 6 6 6 6 6 6 6 7 7 8 8 8 7 7 3 3 3 3 5 6 6 5 13 13 4 3 3 13 13 12 12 12 13 203 202 202 202 202 202 201 201 202 4 4 8 202 201 201 201 201 201 201 201 201 
201 201 201 201 201 201 201 201 201 201 201 201 201 201 201 201 201 201 201 201 201 201 202 203 203 8 7 6 7 9 9 6 5 8 7 6 6 2 2 6 6 7 7 7 7 7 7 6 201 201 201 7 7 7 2 2 6 6 7 7 202 202 201 201 201 201 201 201 201 201 201 201 201 201 201 201 201 201 201 201 201 201 201 201 201 201 201 202 7 202 201 201 201 201 201 201 201 201 201 201 201 6 6 6 6 6 6 6 6 6 6 6 6 6 6 6 6 7 7 6 7 7 6 6 6 6 6 6 6 6 6 7 7 8 8 8 8 9 9 9 9 8 4 3 9 9 3 4 5 5 4 3 3 3 2 2 3 13 202 201 201 201 201 201 201 201 201 203 8 7 8 202 201 201 201 201 201 201 201 201 
201 201 201 201 201 201 201 201 201 201 201 201 201 201 201 201 201 201 201 201 201 201 201 201 203 203 7 6 2 5 5 9 10 10 8 3 3 3 2 2 2 7 7 7 7 7 7 7 6 201 201 3 7 6 2 2 6 6 6 6 7 7 202 201 201 201 201 201 201 201 201 201 201 201 201 201 201 201 201 201 201 201 201 201 201 6 6 202 6 7 201 201 201 202 7 7 7 7 7 7 7 6 6 6 6 6 6 6 6 6 6 6 6 6 6 6 6 7 7 6 7 7 6 7 7 7 7 7 7 2 3 8 9 9 5 5 5 5 9 10 6 5 4 3 5 4 5 4 4 4 4 4 4 3 3 3 3 4 3 7 7 201 201 201 201 201 201 202 8 203 203 201 201 201 201 201 201 201 201 201 
201 201 201 201 201 201 201 201 201 201 201 201 201 201 201 201 201 201 201 201 201 201 201 201 202 203 8 7 8 4 5 9 7 10 10 5 4 4 3 2 2 6 6 6 6 2 7 7 7 7 7 7 7 6 6 6 6 6 7 7 7 202 202 201 201 201 201 201 201 201 201 201 201 201 201 201 201 201 201 201 201 201 201 201 201 201 201 202 7 7 201 201 7 7 7 7 7 7 7 7 7 7 7 7 6 6 6 6 6 6 6 6 6 6 6 6 6 7 3 2 3 7 2 7 7 7 7 3 7 3 8 9 10 7 7 6 14 14 9 5 5 5 5 4 5 3 4 3 3 4 3 3 2 2 7 7 3 3 3 7 202 2 201 201 201 201 201 202 202 202 201 201 201 201 201 201 201 201 201 201 
201 201 201 201 201 201 201 201 201 201 201 201 201 201 201 201 201 201 201 201 201 201 201 201 201 202 203 204 8 8 4 6 6 8 10 6 4 3 4 3 2 2 2 6 2 2 6 7 7 7 7 7 6 6 6 6 7 202 203 202 202 6 7 201 201 201 201 201 201 201 201 201 201 201 201 201 201 201 201 201 201 201 201 201 201 201 201 201 201 6 6 7 8 8 9 9 9 7 7 6 6 7 7 7 7 7 6 6 2 6 6 6 2 2 201 202 201 6 3 3 3 3 3 7 6 6 6 2 3 7 7 8 10 6 4 5 13 14 5 5 6 4 5 5 4 3 4 4 3 3 2 2 2 6 7 7 8 3 3 7 202 2 201 201 201 201 201 201 201 201 201 201 201 201 201 201 201 201 201 201 
201 201 201 201 201 201 201 201 201 201 201 201 201 201 201 201 201 201 201 201 201 201 201 201 201 201 202 204 9 9 3 2 5 7 5 7 5 3 3 3 2 2 2 2 6 6 6 6 2 3 7 6 6 6 6 7 7 202 202 201 202 202 202 201 201 201 201 201 201 201 201 201 201 201 201 201 201 201 201 201 201 201 201 201 201 201 201 201 201 7 7 8 8 9 8 7 8 7 7 7 6 7 6 7 7 7 2 2 3 3 3 2 201 201 201 201 201 2 3 3 3 2 3 3 2 3 3 3 4 5 5 8 8 7 7 5 4 5 8 8 9 7 3 3 3 4 4 4 5 4 3 2 2 2 2 7 7 3 3 202 201 201 201 201 201 201 201 201 201 201 201 201 201 201 201 201 201 201 201 201 
201 201 201 201 201 201 201 201 201 201 201 201 201 201 201 201 201 201 201 201 201 201 201 201 201 201 201 202 7 8 4 3 5 7 4 6 7 5 4 4 3 2 2 2 2 2 6 6 6 6 2 2 6 6 7 7 7 7 202 201 201 201 201 201 201 201 201 201 201 201 201 201 201 201 201 201 201 201 201 201 201 201 201 201 201 201 202 202 202 203 8 8 7 8 9 9 203 7 7 8 8 7 6 7 202 202 201 201 202 4 9 11 10 204 202 201 201 2 2 2 2 2 3 3 4 5 6 6 7 12 12 11 11 13 14 5 3 5 4 6 4 3 2 3 3 3 4 4 5 5 4 3 2 7 7 7 6 7 202 201 202 202 201 201 201 201 201 201 201 201 201 201 201 201 201 201 201 201 201 201 
201 201 201 201 201 201 201 201 201 201 201 201 201 201 201 201 201 201 201 201 201 201 201 201 201 201 201 202 8 5 4 4 6 6 4 4 6 16 14 13 12 2 2 2 2 2 2 2 2 2 2 2 6 7 7 202 201 201 201 201 201 201 201 201 201 201 201 201 201 201 201 201 201 201 201 201 201 201 201 201 201 201 201 201 201 202 8 8 8 8 7 8 204 204 204 8 8 203 203 7 7 7 7 7 202 202 203 203 202 204 10 11 12 11 204 201 2 11 11 2 2 3 4 5 6 11 11 12 12 7 5 4 5 4 3 4 4 5 4 4 3 2 3 2 2 3 3 2 5 5 4 3 7 7 7 7 7 202 202 201 202 6 202 201 201 201 201 201 201 201 201 201 201 201 201 201 201 201 201 201 
201 201 201 201 201 201 201 201 201 201 201 201 201 201 201 201 201 201 201 201 201 201 201 201 201 201 201 203 8 9 5 5 6 5 3 3 4 7 16 13 12 2 2 2 2 3 3 3 2 2 2 7 7 202 202 201 201 201 201 201 201 201 201 201 201 201 201 201 201 201 201 201 201 201 201 201 201 201 201 201 201 201 201 201 201 202 8 7 3 3 4 203 203 201 201 202 203 7 202 203 8 8 7 7 203 9 6 6 6 206 11 10 9 12 205 202 202 12 12 12 12 12 5 7 8 12 11 10 3 5 6 5 13 13 5 5 6 6 6 6 4 3 3 2 2 2 2 4 6 5 4 7 7 8 8 202 202 201 201 201 201 202 201 201 201 201 201 201 201 201 201 201 201 201 201 201 201 201 201 201 
201 201 201 201 201 201 201 201 201 201 201 201 201 201 201 201 201 201 201 201 201 201 201 201 201 201 201 202 8 9 10 5 5 5 3 3 3 6 7 14 12 2 2 3 3 3 2 3 2 2 7 7 202 202 201 201 201 201 201 201 201 201 201 201 201 201 201 201 201 201 201 201 201 201 201 201 201 201 201 201 201 201 201 201 201 202 8 3 3 4 203 202 201 202 201 201 202 202 201 203 8 8 202 8 8 9 4 4 5 5 9 9 8 11 206 203 203 5 14 14 13 13 15 7 7 11 10 6 6 5 6 17 18 19 10 9 8 7 7 7 7 6 3 2 2 2 4 6 205 203 202 201 202 7 202 201 201 201 202 202 7 202 201 201 201 201 201 201 201 201 201 201 201 201 201 201 201 201 201 201 
201 201 201 201 201 201 201 201 201 201 201 201 201 201 201 201 201 201 201 201 201 201 201 201 201 201 201 201 202 8 9 6 6 7 5 3 4 6 7 5 4 3 2 3 3 3 3 3 3 3 7 202 201 201 201 201 201 201 201 201 201 201 201 201 201 201 201 201 201 201 201 201 201 201 201 201 201 201 201 201 201 201 201 201 201 202 202 3 3 202 203 203 203 203 202 202 201 201 201 202 203 203 202 203 5 5 10 10 6 6 11 11 10 9 8 207 205 5 4 14 14 6 7 6 5 6 6 8 12 18 18 18 18 18 8 8 7 6 10 10 11 11 5 3 3 4 6 6 8 6 6 201 202 6 7 201 202 202 203 7 202 201 201 201 201 201 201 201 201 201 201 201 201 201 201 201 201 201 201 201 
201 201 201 201 201 201 201 201 201 201 201 201 201 201 201 201 201 201 201 201 201 201 201 201 201 201 201 201 202 203 4 5 6 7 7 6 7 7 6 4 4 3 3 3 3 6 7 7 3 3 7 201 201 201 201 201 201 201 201 201 201 201 201 201 201 201 201 201 201 201 201 201 201 201 201 201 201 201 201 201 201 201 201 201 201 202 203 5 5 5 5 4 4 3 3 202 201 201 201 201 202 203 202 202 203 204 204 204 5 5 5 7 11 10 4 7 7 4 3 3 4 6 6 5 3 11 13 12 9 14 16 55 55 54 54 54 15 14 14 14 10 11 10 7 4 5 6 4 6 6 201 201 202 201 201 202 202 7 7 202 202 201 201 201 201 201 201 201 201 201 201 201 201 201 201 201 201 201 201 201 
201 201 201 201 201 201 201 201 201 201 201 201 201 201 201 201 201 201 201 201 201 201 201 201 201 201 201 201 201 202 203 4 3 5 6 6 6 5 4 3 4 3 3 7 6 6 7 7 7 7 202 201 201 201 201 201 201 201 201 201 201 201 201 201 201 201 201 201 201 201 201 201 201 201 201 201 201 201 201 201 201 201 201 201 202 204 6 5 4 4 3 12 13 12 12 3 202 202 201 201 201 201 201 201 201 201 202 203 3 3 2 3 6 7 11 7 5 6 4 3 3 5 6 8 10 7 9 14 14 11 9 52 52 52 7 7 52 52 52 53 15 17 11 8 8 9 8 7 6 6 201 201 201 201 201 7 202 202 203 202 201 201 201 201 201 201 201 201 201 201 201 201 201 201 201 201 201 201 201 201 
201 201 201 201 201 201 201 201 201 201 201 201 201 201 201 201 201 201 201 201 201 201 201 201 201 201 201 201 201 201 201 203 3 3 4 4 4 5 4 8 4 3 3 6 6 6 6 6 6 201 201 201 201 201 201 201 201 201 201 201 201 201 201 201 201 201 201 201 201 201 201 201 201 201 201 201 201 201 201 201 201 201 201 201 203 14 13 12 13 13 13 13 12 12 12 4 4 13 12 202 11 11 11 201 202 202 203 4 3 3 2 3 3 205 8 11 7 9 9 4 3 4 6 9 11 7 5 12 14 14 13 6 53 53 53 9 54 55 10 10 11 17 11 8 8 9 8 7 7 7 202 201 201 201 201 202 202 201 201 201 201 201 201 201 201 201 201 201 201 201 201 201 201 201 201 201 201 201 201 201 
201 201 201 201 201 201 201 201 201 201 201 201 201 201 201 201 201 201 201 201 201 201 201 201 201 201 201 201 201 201 201 203 202 202 4 5 5 4 6 9 8 3 201 201 201 201 201 201 201 201 201 201 201 201 201 201 201 201 201 201 201 201 201 201 201 201 201 201 201 201 201 201 201 201 201 201 201 201 201 201 201 201 201 201 203 14 14 14 13 13 12 11 12 13 13 13 13 13 12 12 12 12 12 3 3 3 3 3 2 3 3 3 3 3 205 7 11 10 9 4 3 3 5 10 11 5 3 8 11 14 14 10 10 58 58 57 57 58 13 12 10 11 10 6 8 9 7 7 7 7 7 201 201 201 201 201 201 201 201 201 201 201 201 201 201 201 201 201 201 201 201 201 201 201 201 201 201 201 201 201 
201 201 201 201 201 201 201 201 201 201 201 201 201 201 201 201 201 201 201 201 201 201 201 201 201 201 201 201 201 201 201 202 202 3 202 5 6 5 4 6 5 202 201 201 201 201 201 201 201 201 201 201 201 201 201 201 201 201 201 201 201 201 201 201 201 201 201 201 201 201 201 201 201 201 201 201 201 201 201 201 201 201 201 12 12 12 3 4 12 12 11 12 13 14 14 12 12 12 11 12 12 12 13 12 12 11 3 203 4 3 4 3 3 3 2 204 206 7 6 5 5 8 9 6 5 3 3 6 7 10 13 10 14 14 14 14 13 13 11 11 10 10 9 8 8 8 7 7 6 3 202 201 201 201 201 201 201 201 201 201 201 201 201 201 201 201 201 201 201 201 201 201 201 201 201 201 201 201 201 201 
201 201 201 201 201 201 201 201 201 201 201 201 201 201 201 201 201 201 201 201 201 201 201 201 201 201 201 201 201 201 201 201 201 201 201 203 5 6 4 6 6 202 201 201 201 201 201 201 201 201 201 201 201 201 201 201 201 201 201 201 201 201 201 201 201 201 201 201 201 201 201 201 201 201 201 201 201 201 201 201 201 201 202 3 3 2 12 12 11 11 12 13 14 13 13 13 12 12 12 12 12 12 13 3 3 2 3 201 203 4 2 3 8 7 3 201 203 203 203 204 204 204 204 4 3 3 3 6 6 6 7 9 10 11 12 11 10 10 9 9 8 9 9 9 9 7 7 7 4 202 201 201 201 201 201 201 201 201 201 201 201 201 201 201 201 201 201 201 201 201 201 201 201 201 201 201 201 201 201 201 
201 201 201 201 201 201 201 201 201 201 201 201 201 201 201 201 201 201 201 201 201 201 201 201 201 201 201 201 201 201 201 201 201 201 201 202 203 10 10 8 11 203 201 201 201 201 201 201 201 201 201 201 201 201 201 201 201 201 201 201 201 201 201 201 201 201 201 201 201 201 201 201 201 201 201 201 201 201 201 201 201 201 3 3 2 2 2 2 2 2 3 4 4 12 13 12 12 13 14 5 3 3 3 3 12 11 3 3 201 5 3 3 4 4 3 3 2 3 2 202 202 202 202 202 201 7 7 3 2 2 3 7 7 7 203 9 8 7 9 8 8 9 10 9 8 7 7 7 202 202 201 201 201 201 201 201 201 201 201 201 201 201 201 201 201 201 201 201 201 201 201 201 201 201 201 201 201 201 201 201 
201 201 201 201 201 201 201 201 201 201 201 201 201 201 201 201 201 201 201 201 201 201 201 201 201 201 201 201 201 201 201 201 201 201 201 201 202 9 11 9 11 205 202 201 201 201 201 201 201 201 201 201 201 201 201 201 201 201 201 201 201 201 201 201 201 201 201 201 201 201 201 201 201 201 201 201 201 201 201 201 201 201 7 3 2 2 2 2 2 2 3 4 4 4 13 12 3 13 3 4 3 3 3 3 3 2 3 3 203 204 9 4 5 4 3 3 3 3 3 202 201 201 201 201 201 7 7 3 2 6 6 3 3 202 201 203 8 8 9 9 9 9 9 8 201 201 202 201 201 201 201 201 201 201 201 201 201 201 201 201 201 201 201 201 201 201 201 201 201 201 201 201 201 201 201 201 201 201 201 201 
201 201 201 201 201 201 201 201 201 201 201 201 201 201 201 201 201 201 201 201 201 201 201 201 201 201 201 201 201 201 201 201 201 201 201 201 201 203 10 11 9 9 203 202 202 6 201 201 201 201 201 201 201 201 6 201 201 201 201 201 201 201 201 201 201 201 201 201 201 201 201 201 201 201 201 201 201 201 201 201 201 201 7 7 3 2 2 2 2 2 3 3 4 3 3 3 3 4 5 4 2 3 2 3 3 2 3 4 4 202 205 7 6 4 3 3 3 3 201 201 201 201 201 201 201 202 7 3 2 6 7 3 202 201 201 202 202 8 8 9 9 8 8 201 201 202 201 201 201 202 202 202 201 201 201 201 201 201 201 201 201 201 201 201 201 201 201 201 201 201 201 201 201 201 201 201 201 201 201 201 
201 201 201 201 201 201 201 201 201 201 201 201 201 201 201 201 201 201 201 201 201 201 201 201 201 201 201 201 201 201 201 201 201 201 201 201 201 202 203 204 10 9 7 7 7 8 202 202 201 201 201 201 201 201 201 201 201 201 201 201 201 201 201 201 201 201 201 201 201 201 201 201 201 201 201 201 201 201 201 201 201 201 6 7 7 6 6 6 6 2 3 3 3 3 3 3 3 3 3 3 3 7 6 3 4 3 2 5 4 205 204 5 10 9 3 3 3 202 202 201 201 201 201 201 201 202 202 7 6 3 3 202 202 201 201 201 201 202 7 7 7 7 3 3 202 202 201 201 201 202 6 202 201 201 201 201 201 201 201 201 201 201 201 201 201 201 201 201 201 201 201 201 201 201 201 201 201 201 201 201 
201 201 201 201 201 201 201 201 201 201 201 201 201 201 201 201 201 201 201 201 201 201 201 201 201 201 201 201 201 201 201 201 201 201 201 201 201 201 201 202 202 202 202 202 7 7 8 7 201 201 201 201 201 201 201 201 201 201 201 201 201 201 201 201 201 201 201 201 201 201 201 201 201 201 201 201 201 201 201 201 201 201 6 7 7 7 6 6 6 6 6 3 2 7 7 3 2 6 6 3 3 6 6 3 3 4 3 6 10 11 202 6 5 5 4 203 202 202 201 201 201 201 201 201 201 201 202 7 6 7 202 201 201 201 201 201 201 202 202 6 7 7 3 3 202 201 201 201 201 202 7 202 201 201 201 201 201 201 201 201 201 201 201 201 201 201 201 201 201 201 201 201 201 201 201 201 201 201 201 201 
201 201 201 201 201 201 201 201 201 201 201 201 201 201 201 201 201 201 201 201 201 201 201 201 201 201 201 201 201 201 201 201 201 201 201 201 201 201 201 201 201 201 201 202 203 203 7 7 202 201 201 201 201 201 201 201 201 201 201 201 201 201 201 201 201 201 201 201 201 201 201 201 201 201 201 201 201 201 201 201 201 201 6 7 7 7 6 6 2 2 2 6 6 6 6 6 6 6 6 3 3 6 6 6 3 3 7 10 10 10 9 8 205 204 202 202 201 201 201 201 201 201 201 201 201 201 202 7 6 3 202 201 201 201 201 201 201 201 202 6 202 6 7 7 7 201 201 201 201 201 201 201 201 201 201 201 201 201 201 201 201 201 201 201 201 201 201 201 201 201 201 201 201 201 201 201 201 201 201 201 
201 201 201 201 201 201 201 201 201 201 201 201 201 201 201 201 201 201 201 201 201 201 201 201 201 201 201 201 201 201 201 201 201 201 201 201 201 201 201 201 201 201 201 201 202 202 202 6 202 201 201 201 202 3 7 7 202 202 201 201 201 201 201 201 201 201 201 201 201 201 201 201 201 201 201 201 201 201 201 201 201 201 201 7 7 7 6 6 2 2 2 6 6 6 6 6 3 3 3 3 3 2 2 2 3 3 8 11 10 10 11 9 203 203 4 202 201 201 201 201 201 201 201 201 201 201 202 202 7 7 202 201 201 201 201 201 201 201 202 202 202 201 202 7 202 201 201 201 201 201 201 201 201 201 201 201 201 201 201 201 201 201 201 201 201 201 201 201 201 201 201 201 201 201 201 201 201 201 201 201 
201 201 201 201 201 201 201 201 201 201 201 201 201 201 201 201 201 201 201 201 201 201 201 201 201 201 201 201 201 201 201 201 201 201 201 201 201 201 201 201 201 201 201 201 201 201 202 202 6 201 201 201 4 4 7 7 7 7 7 202 201 201 201 201 201 201 201 201 201 201 201 201 201 201 201 201 201 201 201 201 201 201 201 7 8 7 6 6 3 3 3 7 6 6 6 3 4 3 3 3 3 2 2 3 3 2 9 10 9 7 9 10 5 3 4 203 201 201 201 201 201 201 201 201 201 201 201 202 7 202 201 201 201 201 201 201 201 201 202 6 202 201 202 202 201 201 201 201 201 201 201 202 202 202 201 201 201 201 201 201 201 201 201 201 201 201 201 201 201 201 201 201 201 201 201 201 201 201 201 201 
201 201 201 201 201 201 201 201 201 201 201 201 201 201 201 201 201 201 201 201 201 201 201 201 201 201 201 201 201 201 201 201 201 201 201 201 201 201 201 201 201 201 201 201 201 201 201 202 202 201 201 7 8 7 8 6 7 8 8 8 7 202 202 202 201 201 201 201 201 201 201 201 201 201 201 201 201 201 201 201 201 201 201 202 8 7 7 7 7 3 3 3 3 7 7 8 7 2 3 7 7 6 6 3 3 3 9 9 8 9 6 6 5 4 4 202 201 201 201 201 201 201 201 201 201 201 201 201 202 201 6 201 201 201 201 201 201 201 201 202 202 202 201 201 201 201 201 202 202 202 201 202 6 202 201 201 201 201 201 201 201 201 201 201 201 201 201 201 201 201 201 201 201 201 201 201 201 201 201 201 
201 201 201 201 201 201 201 201 201 201 201 201 201 201 201 201 201 201 201 201 201 201 201 201 201 201 201 201 201 201 201 201 201 201 201 201 201 201 201 201 201 201 201 201 201 201 201 201 201 201 201 7 8 6 8 6 7 7 6 7 7 7 7 3 202 201 201 201 201 201 201 201 201 201 201 201 201 201 201 201 201 201 201 201 202 202 7 202 202 202 202 202 202 7 8 8 7 6 7 7 7 6 6 6 2 2 8 8 8 5 5 5 4 4 202 201 201 201 201 201 201 201 201 201 201 201 201 201 201 201 201 201 201 201 201 201 201 201 6 202 6 7 201 201 201 201 202 203 7 202 201 202 202 202 201 201 201 201 201 201 201 201 201 201 201 201 201 201 201 201 201 201 201 201 201 201 201 201 201 201 
201 201 201 201 201 201 201 201 201 201 201 201 201 201 201 201 201 201 201 201 201 201 201 201 201 201 201 201 201 201 201 201 201 201 201 201 201 201 201 201 201 201 201 201 201 201 201 201 201 201 202 8 7 7 8 7 7 7 8 7 6 7 7 3 202 201 201 201 201 201 201 201 201 201 201 201 201 201 201 201 201 201 201 201 201 201 201 201 201 201 201 201 201 201 203 8 7 8 8 7 8 7 7 7 7 8 3 3 4 5 5 4 4 202 201 201 201 201 201 201 201 201 201 201 201 201 201 201 201 201 201 201 201 201 201 201 201 201 202 7 201 7 201 201 201 202 8 8 8 202 201 201 201 201 201 201 201 201 201 201 201 201 201 201 201 201 201 201 201 201 201 201 201 201 201 201 201 201 201 201 
201 201 201 201 201 201 201 201 201 201 201 201 201 201 201 201 201 201 201 201 201 201 201 201 201 201 201 201 201 201 201 201 201 201 201 201 201 201 201 201 201 201 201 201 201 201 201 201 201 202 8 7 7 8 7 7 7 7 7 7 7 7 7 3 3 201 201 201 201 201 201 201 201 201 201 201 201 201 201 201 201 201 201 201 201 201 201 201 201 201 201 201 201 201 203 8 7 7 7 6 7 7 7 8 9 8 4 4 4 4 4 203 202 201 201 201 201 201 201 201 201 201 201 201 201 201 201 201 201 201 201 201 201 201 201 201 201 201 202 7 7 202 201 201 202 7 8 7 8 202 201 201 201 201 201 201 202 201 201 201 201 201 201 201 201 201 201 201 201 201 201 201 201 201 201 201 201 201 201 201 
201 201 201 201 201 201 201 201 201 201 201 201 201 201 201 201 201 201 201 201 201 201 201 201 201 201 201 201 201 201 201 201 201 201 201 201 201 201 201 201 201 201 201 201 201 201 201 201 201 202 8 7 8 7 6 6 6 7 7 7 7 7 7 3 202 201 201 201 201 201 201 201 201 201 201 201 201 201 201 201 201 201 201 201 201 201 201 201 201 201 201 201 201 201 202 7 6 6 6 7 7 7 7 8 8 7 3 3 5 5 4 201 201 201 201 201 201 201 201 201 201 201 201 201 201 201 201 201 201 201 201 201 201 201 201 201 201 201 202 203 6 8 202 201 202 7 8 8 202 202 203 202 201 201 201 202 7 203 204 204 203 202 201 201 201 201 201 201 201 201 201 201 201 201 201 201 201 201 201 201 
201 201 201 201 201 201 201 201 201 201 201 201 201 201 201 201 201 201 201 201 201 201 201 201 201 201 201 201 201 201 201 201 201 201 201 201 201 201 201 201 201 201 201 201 201 201 201 201 201 202 8 7 8 6 6 6 6 6 6 6 6 6 6 2 2 3 2 2 201 2 201 201 201 201 201 201 201 201 201 201 201 201 201 201 201 201 201 201 201 201 201 201 201 201 202 7 7 7 7 8 8 7 7 8 8 7 3 3 5 5 202 201 201 201 201 201 201 201 201 201 201 201 201 201 201 201 201 201 201 201 201 201 201 201 201 201 201 201 201 202 202 7 202 201 202 202 202 7 202 7 7 202 201 201 201 202 202 202 9 9 10 205 203 202 201 201 201 201 201 201 201 201 201 201 201 201 201 201 201 201 
201 201 201 201 201 201 201 201 201 201 201 201 201 201 201 201 201 201 201 201 201 201 201 201 201 201 201 201 201 201 201 201 201 201 201 201 201 201 201 201 201 201 201 201 201 201 201 201 201 8 5 4 9 7 6 6 6 6 6 6 6 6 7 7 7 3 3 3 3 3 3 3 202 201 201 201 201 201 201 201 201 201 201 201 201 201 201 201 201 201 201 201 201 201 201 202 7 8 8 7 7 6 7 4 8 6 2 4 6 5 202 201 201 201 201 201 201 201 201 201 201 201 201 201 201 201 201 201 201 201 201 201 201 201 201 201 201 201 201 201 202 202 7 203 203 201 201 201 202 202 203 202 201 201 201 202 202 203 204 204 6 9 9 203 201 201 201 201 201 201 201 201 201 201 201 201 201 201 201 201 
201 201 201 201 201 201 201 201 201 201 201 201 201 201 201 201 201 201 201 201 201 201 201 201 201 201 201 201 201 201 201 201 201 201 201 201 201 201 201 201 201 201 201 201 201 201 201 201 201 203 6 5 6 4 7 7 6 6 6 6 6 7 7 7 7 3 3 3 3 3 3 3 202 201 201 201 201 201 201 201 201 201 201 201 201 201 201 201 201 201 201 201 201 201 201 202 8 4 4 8 8 7 8 8 7 6 2 4 6 4 202 201 201 201 201 201 201 201 201 201 201 201 201 201 201 201 201 201 201 201 201 201 201 201 201 201 201 201 201 201 201 202 202 7 202 7 202 201 201 201 201 201 201 201 201 201 201 202 203 204 205 9 8 8 202 201 201 201 201 201 201 201 201 201 201 201 201 201 201 201 
201 201 201 201 201 201 201 201 201 201 201 201 201 201 201 201 201 201 201 201 201 201 201 201 201 201 201 201 201 201 201 201 201 201 201 201 201 201 201 201 201 201 201 201 201 201 201 201 201 203 206 6 11 6 8 7 7 7 7 7 7 7 7 6 6 6 6 3 3 3 2 3 202 201 201 201 201 201 201 201 201 201 201 201 201 201 201 201 201 201 201 201 201 201 201 202 204 5 9 8 9 8 8 8 7 6 3 5 5 4 202 201 201 201 201 201 201 201 201 201 201 201 201 201 201 201 201 201 201 201 201 201 201 201 201 201 201 201 201 201 201 201 202 203 203 202 202 201 201 201 201 201 201 201 201 201 201 201 201 201 203 204 204 8 202 201 201 201 201 201 201 201 201 201 201 201 201 201 201 201 
201 201 201 201 201 201 201 201 201 201 201 201 201 201 201 201 201 201 201 201 201 201 201 201 201 201 201 201 201 201 201 201 201 201 201 201 201 201 201 201 201 201 201 201 201 201 201 201 201 201 205 12 8 12 6 5 8 7 7 7 7 6 6 6 6 7 7 3 3 2 3 202 202 201 201 201 201 201 201 201 201 201 201 201 201 201 201 201 201 201 201 201 201 201 201 201 204 10 8 6 7 8 8 7 6 6 4 5 5 4 202 201 201 201 201 201 201 201 201 201 201 201 201 201 201 201 201 201 201 201 201 201 201 201 201 201 201 201 201 201 201 201 201 201 201 202 202 201 201 201 201 201 201 201 201 201 201 201 201 201 201 201 202 202 202 201 201 201 201 201 201 201 201 201 201 201 201 201 201 201 
201 201 201 201 201 201 201 201 201 201 201 201 201 201 201 201 201 201 201 201 201 201 201 201 201 201 201 201 201 201 201 201 201 201 201 201 201 201 201 201 201 201 201 201 201 201 201 201 201 201 203 207 11 10 12 12 10 8 3 2 3 7 7 2 2 3 2 3 3 3 4 202 201 201 201 201 201 201 201 201 201 201 201 201 201 201 201 201 201 201 201 201 201 201 201 202 205 10 7 6 6 6 6 6 7 4 4 4 4 4 202 201 201 202 202 202 201 201 201 201 201 201 201 201 201 201 201 201 201 201 201 201 201 201 201 201 201 201 201 201 201 201 201 201 201 201 201 201 201 201 201 201 201 201 201 201 6 201 201 201 201 6 201 201 201 201 201 201 201 201 201 201 201 201 201 201 201 201 201 201 
201 201 201 201 201 201 201 201 201 201 201 201 201 201 201 201 201 201 201 201 201 201 201 201 201 201 201 201 201 201 201 201 201 201 201 201 201 201 201 201 201 201 201 201 201 201 201 201 201 201 201 205 58 56 7 11 13 11 9 7 7 2 3 2 2 3 2 7 7 3 203 202 201 201 201 201 201 201 201 201 201 201 201 201 201 201 201 201 201 201 201 201 201 201 201 203 6 5 2 2 3 4 3 4 4 4 4 4 8 8 202 201 202 203 8 203 201 201 201 201 201 201 201 201 201 201 201 201 201 201 201 201 201 201 201 201 201 201 201 201 201 201 201 201 201 201 201 201 201 201 201 201 202 7 202 7 7 7 201 201 201 7 202 201 201 201 201 201 201 201 201 201 201 201 201 201 201 201 201 201 
201 201 201 201 201 201 201 201 201 201 201 201 201 201 201 201 201 201 201 201 201 201 201 201 201 201 201 201 201 201 201 201 201 201 201 201 201 201 201 201 201 201 201 201 201 201 201 201 201 201 201 202 205 208 58 55 11 13 11 8 7 2 3 6 6 7 7 7 7 7 203 202 201 201 201 201 201 201 201 201 201 201 201 201 201 201 201 201 201 201 201 201 201 201 201 203 6 5 2 3 4 4 4 4 3 3 8 8 8 203 202 202 9 8 8 203 201 201 201 201 201 201 201 201 201 201 201 201 201 201 201 201 201 201 201 201 201 201 201 201 201 201 201 201 201 201 201 201 201 201 201 202 3 7 7 7 7 7 7 202 202 7 7 202 201 201 201 201 201 201 201 201 201 201 201 201 201 201 201 201 
201 201 201 201 201 201 201 201 201 201 201 201 201 201 201 201 201 201 201 201 201 201 201 201 201 201 201 201 201 201 201 201 201 201 201 201 201 201 201 201 201 201 201 201 201 201 201 201 201 201 201 201 201 203 207 58 8 12 8 9 3 6 7 6 6 7 7 7 7 8 202 201 201 201 201 201 201 201 201 201 201 201 201 201 201 201 201 201 201 201 201 201 201 201 201 203 15 14 12 4 4 3 3 3 3 4 9 8 202 202 201 203 9 7 204 202 201 201 201 201 201 201 201 201 201 201 201 201 201 201 201 201 201 201 201 201 201 201 201 201 201 201 201 201 201 201 201 201 201 202 202 3 3 2 2 2 6 3 7 7 7 7 7 202 201 201 201 201 201 201 201 201 201 201 201 201 201 201 201 201 
201 201 201 201 201 201 201 201 201 201 201 201 201 201 201 201 201 201 201 201 201 201 201 201 201 201 201 201 201 201 201 201 201 201 201 201 201 201 201 201 201 201 201 201 201 201 201 201 201 201 201 201 201 201 206 14 9 12 8 5 3 7 7 6 6 7 7 7 8 8 202 201 201 201 201 201 201 201 201 201 201 201 201 201 201 201 201 201 201 201 201 201 201 201 201 202 204 15 13 3 5 4 3 3 3 4 9 203 201 201 201 203 9 8 204 201 201 201 201 201 201 201 201 201 201 201 201 201 201 201 201 201 201 201 201 201 201 201 201 201 201 201 201 201 201 201 201 202 4 4 3 3 3 2 2 2 2 2 3 6 6 7 7 7 202 201 201 201 201 201 201 201 201 201 201 201 201 201 201 201 
201 201 201 201 201 201 201 201 201 201 201 201 201 201 201 201 201 201 201 201 201 201 201 201 201 201 201 201 201 201 201 201 201 201 201 201 201 201 201 201 201 201 201 201 201 201 201 201 201 201 201 201 201 201 206 14 7 9 8 4 2 7 7 6 7 7 7 7 202 202 201 201 201 201 201 201 201 201 201 201 201 201 201 201 201 201 201 201 201 201 201 201 201 201 201 201 203 6 5 2 4 4 4 4 4 4 8 7 201 201 201 203 8 8 203 201 201 201 201 201 201 201 201 201 201 201 201 201 201 201 201 201 201 201 201 201 201 201 201 201 201 201 201 201 201 201 202 3 4 3 3 3 2 2 3 3 3 3 3 3 3 7 6 7 7 202 201 201 201 201 201 201 201 201 201 201 201 201 201 201 
201 201 201 201 201 201 201 201 201 201 201 201 201 201 201 201 201 201 201 201 201 201 201 201 201 201 201 201 201 201 201 201 201 201 201 201 201 201 201 201 201 201 201 201 201 201 201 201 201 201 201 201 201 201 207 13 9 13 6 3 2 7 7 7 7 7 203 202 202 201 201 201 201 201 201 201 201 201 201 201 201 201 201 201 201 201 201 201 201 201 201 201 201 201 201 201 202 6 5 4 3 3 4 4 5 6 9 201 201 201 201 202 8 203 202 201 201 201 201 201 201 201 201 201 201 201 201 201 201 201 201 201 201 201 201 201 201 201 201 201 201 201 201 201 201 201 202 3 3 3 3 2 2 2 2 2 3 3 3 2 3 3 2 6 7 7 202 201 201 201 201 201 201 201 201 201 201 201 201 201 
201 201 201 201 201 201 201 201 201 201 201 201 201 201 201 201 201 201 201 201 201 201 201 201 201 201 201 201 201 201 201 201 201 201 201 201 201 201 201 201 201 201 201 201 201 201 201 201 201 201 201 201 201 202 208 8 7 9 5 7 6 7 7 7 7 8 202 201 201 201 201 201 201 201 201 201 201 201 201 201 201 201 201 201 201 201 201 201 201 201 201 201 201 201 201 201 202 204 5 4 4 4 2 2 4 10 204 201 201 201 201 201 202 202 201 201 201 201 201 201 201 201 201 201 201 201 201 201 201 201 201 201 201 201 201 201 201 201 201 201 201 201 201 201 201 201 202 3 3 2 2 2 2 2 3 3 3 3 3 2 2 3 3 7 6 7 202 201 201 201 201 201 201 201 201 201 201 201 201 201 
201 201 201 201 201 201 201 201 201 201 201 201 201 201 201 201 201 201 201 201 201 201 201 201 201 201 201 201 201 201 201 201 201 201 201 201 201 201 201 201 201 201 201 201 201 201 201 201 201 201 201 201 201 204 9 5 9 7 4 3 6 6 7 7 7 202 202 201 201 201 201 201 201 201 201 201 201 201 201 201 201 201 201 201 201 201 201 201 201 201 201 201 201 201 201 201 201 203 5 4 4 4 2 2 9 10 203 201 201 201 201 201 201 201 201 201 201 201 201 201 201 201 201 201 201 201 201 201 201 201 201 201 201 201 201 201 201 201 201 201 201 201 201 201 201 201 202 3 2 2 2 2 3 3 3 3 3 3 2 2 2 3 3 3 7 7 7 201 201 201 201 201 201 201 201 201 201 201 201 201 
201 201 201 201 201 201 201 201 201 201 201 201 201 201 201 201 201 201 201 201 201 201 201 201 201 201 201 201 201 201 201 201 201 201 201 201 201 201 201 201 201 201 201 201 201 201 201 201 201 201 201 201 201 204 9 5 8 5 4 2 2 6 6 7 202 202 201 201 201 201 201 201 201 201 201 201 201 201 201 201 201 201 201 201 201 201 201 201 201 201 201 201 201 201 201 201 201 202 203 4 4 4 4 9 10 205 202 201 201 201 201 201 201 201 201 201 201 201 201 201 201 201 201 201 201 201 201 201 201 201 201 201 201 201 201 201 201 201 201 201 201 201 201 201 201 201 202 202 3 2 3 3 3 3 3 3 3 3 2 2 2 2 3 3 3 7 203 201 201 201 201 201 201 201 201 201 201 201 201 201 
201 201 201 201 201 201 201 201 201 201 201 201 201 201 201 201 201 201 201 201 201 201 201 201 201 201 201 201 201 201 201 201 201 201 201 201 201 201 201 201 201 201 201 201 201 201 201 201 201 201 201 201 201 204 11 9 7 4 4 2 2 6 6 202 201 201 201 201 201 201 201 201 201 201 201 201 201 201 201 201 201 201 201 201 201 201 201 201 201 201 201 201 201 201 201 201 201 201 203 4 5 6 6 10 205 203 201 201 201 201 201 201 201 201 201 201 201 201 201 201 201 201 201 201 201 201 201 201 201 201 201 201 201 201 201 201 201 201 201 201 201 201 201 201 201 201 201 202 3 3 3 3 202 202 201 201 201 3 3 3 2 2 3 4 3 8 202 201 201 201 201 201 201 201 201 201 201 201 201 201 
201 201 201 201 201 201 201 201 201 201 201 201 201 201 201 201 201 201 201 201 201 201 201 201 201 201 201 201 201 201 201 201 201 201 201 201 201 201 201 201 201 201 201 201 201 201 201 201 201 201 201 201 201 204 10 8 5 4 3 2 2 201 201 201 201 201 201 201 201 201 201 201 201 201 201 201 201 201 201 201 201 201 201 201 201 201 201 201 201 201 201 201 201 201 201 201 201 201 202 203 203 204 204 203 202 201 201 201 201 201 201 201 201 201 201 201 201 201 201 201 201 201 201 201 201 201 201 201 201 201 201 201 201 201 201 201 201 201 201 201 201 201 201 201 201 201 201 201 3 202 202 201 201 201 201 201 201 201 202 7 6 3 4 8 8 203 201 201 201 201 201 201 201 201 201 201 201 201 201 201 
201 201 201 201 201 201 201 201 201 201 201 201 201 201 201 201 201 201 201 201 201 201 201 201 201 201 201 201 201 201 201 201 201 201 201 201 201 201 201 201 201 201 201 201 201 201 201 201 201 201 201 201 202 10 9 9 5 3 3 2 2 201 201 201 201 201 201 201 201 201 201 201 201 201 201 201 201 201 201 201 201 201 201 201 201 201 201 201 201 201 201 201 201 201 201 201 201 201 201 202 202 201 201 201 201 201 201 201 201 201 201 201 201 201 201 201 201 201 201 201 201 201 201 201 201 201 201 201 201 201 201 201 201 201 201 201 201 201 201 201 201 201 201 201 201 201 201 201 201 201 201 201 201 201 201 201 201 201 201 201 6 7 7 4 4 203 201 201 201 201 201 201 201 201 201 201 202 202 202 201 
201 201 201 201 201 201 201 201 201 201 201 201 201 201 201 201 201 201 201 201 201 201 201 201 201 201 201 201 201 201 201 201 201 201 201 201 201 201 201 201 201 201 201 201 201 201 201 201 201 201 201 201 202 10 9 8 5 3 2 201 201 201 201 201 201 201 201 201 201 201 201 201 201 201 201 201 201 201 201 201 201 201 201 201 201 201 201 201 201 201 201 201 201 201 201 201 201 201 201 201 201 201 201 201 201 201 201 201 201 201 201 201 201 201 201 201 201 201 201 201 201 201 201 201 201 201 201 201 201 201 201 201 201 201 201 201 201 201 201 201 201 201 201 201 201 201 201 201 201 201 201 201 201 201 201 201 201 201 201 201 201 202 202 202 202 202 201 201 201 201 201 201 201 201 201 202 202 7 7 6 
201 201 201 201 201 201 201 201 201 201 201 201 201 201 201 201 201 201 201 201 201 201 201 201 201 201 201 201 201 201 201 201 201 201 201 201 201 201 201 201 201 201 201 201 201 201 201 201 201 201 201 201 202 9 9 8 5 4 201 201 201 201 201 201 201 201 201 201 201 201 201 201 201 201 201 201 201 201 201 201 201 201 201 201 201 201 201 201 201 201 201 201 201 201 201 201 201 201 201 201 201 201 201 201 201 201 201 201 201 201 201 201 201 201 201 201 201 201 201 201 201 201 201 201 201 201 201 201 201 201 201 201 201 201 201 201 201 201 201 201 201 201 201 201 201 201 201 201 201 201 201 201 201 201 201 201 201 201 201 201 201 203 203 203 202 201 201 201 201 201 201 201 201 201 202 202 201 202 202 201 
201 201 201 201 201 201 201 201 201 201 201 201 201 201 201 201 201 201 201 201 201 201 201 201 201 201 201 201 201 201 201 201 201 201 201 201 201 201 201 201 201 201 201 201 201 201 201 201 201 201 201 201 202 9 8 8 4 202 201 201 201 201 201 201 201 201 201 201 201 201 201 201 201 201 201 201 201 201 201 201 201 201 201 201 201 201 201 201 201 201 201 201 201 201 201 201 201 201 201 201 201 201 201 201 201 201 201 201 201 201 201 201 201 201 201 201 201 201 201 201 201 201 201 201 201 201 201 201 201 201 201 201 201 201 201 201 201 201 201 201 201 201 201 201 201 201 201 201 201 201 201 201 201 201 201 201 201 201 201 201 201 203 202 8 202 201 201 201 201 201 201 201 201 202 203 7 7 202 201 201 
201 201 201 201 201 201 201 201 201 201 201 201 201 201 201 201 201 201 201 201 201 201 201 201 201 201 201 201 201 201 201 201 201 201 201 201 201 201 201 201 201 201 201 201 201 201 201 201 201 201 201 201 203 9 7 8 4 202 201 201 201 201 201 201 201 201 201 201 201 201 201 201 201 201 201 201 201 201 201 201 201 201 201 201 201 201 201 201 201 201 201 201 201 201 201 201 201 201 201 201 201 201 201 201 201 201 201 201 201 201 201 201 201 201 201 201 201 201 201 201 201 201 201 201 201 201 201 201 201 201 201 201 201 201 201 201 201 201 201 201 201 201 201 201 201 201 201 201 201 201 201 201 201 201 201 201 201 201 201 201 201 202 203 203 202 201 201 201 201 201 201 201 202 202 6 203 202 201 201 201 
201 201 201 201 201 201 201 201 201 201 201 201 201 201 201 201 201 201 201 201 201 201 201 201 201 201 201 201 201 201 201 201 201 201 201 201 201 201 201 201 201 201 201 201 201 201 201 201 201 201 201 201 203 8 7 8 4 202 201 201 201 201 201 201 201 201 201 201 201 201 201 201 201 201 201 201 201 201 201 201 201 201 201 201 201 201 201 201 201 201 201 201 201 201 201 201 201 201 201 201 201 201 201 201 201 201 201 201 201 201 201 201 201 201 201 201 201 201 201 201 201 201 201 201 201 201 201 201 201 201 201 201 201 201 201 201 201 201 201 201 201 201 201 201 201 201 201 201 201 201 201 201 201 201 201 201 201 201 201 201 201 201 201 201 201 201 201 201 201 201 201 201 201 202 8 202 201 201 201 201 
201 201 201 201 201 201 201 201 201 201 201 201 201 201 201 201 201 201 201 201 201 201 201 201 201 201 201 201 201 201 201 201 201 201 201 201 201 201 201 201 201 201 201 201 201 201 201 201 201 201 201 202 203 8 8 8 202 201 201 201 201 201 201 201 201 201 201 201 201 201 201 201 201 201 201 201 201 201 201 201 201 201 201 201 201 201 201 201 201 201 201 201 201 201 201 201 201 201 201 201 201 201 201 201 201 201 201 201 201 201 201 201 201 201 201 201 201 201 201 201 201 201 201 201 201 201 201 201 201 201 201 201 201 201 201 201 201 201 201 201 201 201 201 201 201 201 201 201 201 201 201 201 201 201 201 201 201 201 201 201 201 201 201 201 201 201 201 201 201 201 201 201 201 201 201 201 201 201 201 201 
201 201 201 201 201 201 201 201 201 201 201 201 201 201 201 201 201 201 201 201 201 201 201 201 201 201 201 201 201 201 201 201 201 201 201 201 201 201 201 201 201 201 201 201 201 201 201 201 201 201 201 201 203 7 8 202 202 201 201 201 201 201 201 201 201 201 201 201 201 201 201 201 201 201 201 201 201 201 201 201 201 201 201 201 201 201 201 201 201 201 201 201 201 201 201 201 201 201 201 201 201 201 201 201 201 201 201 201 201 201 201 201 201 201 201 201 201 201 201 201 201 201 201 201 201 201 201 201 201 201 201 201 201 201 201 201 201 201 201 201 201 201 201 201 201 201 201 201 201 201 201 201 201 201 201 201 201 201 201 201 201 201 201 201 201 201 201 201 201 201 201 201 201 201 201 201 201 201 201 201 
201 201 201 201 201 201 201 201 201 201 201 201 201 201 201 201 201 201 201 201 201 201 201 201 201 201 201 201 201 201 201 201 201 201 201 201 201 201 201 201 201 201 201 201 201 201 201 201 201 201 201 201 202 202 7 6 202 202 201 201 201 201 201 201 201 201 201 201 201 201 201 201 201 201 201 201 201 201 201 201 201 201 201 201 201 201 201 201 201 201 201 201 201 201 201 201 201 201 201 201 201 201 201 201 201 201 201 201 201 201 201 201 201 201 201 201 201 201 201 201 201 201 201 201 201 201 201 201 201 201 201 201 201 201 201 201 201 201 201 201 201 201 201 201 201 201 201 201 201 201 201 201 201 201 201 201 201 201 201 201 201 201 201 201 201 201 201 201 201 201 201 201 201 201 201 201 201 201 201 201 
201 201 201 201 201 201 201 201 201 201 201 201 201 201 201 201 201 201 201 201 201 201 201 201 201 201 201 201 201 201 201 201 201 201 201 201 201 201 201 201 201 201 201 201 201 201 201 201 201 201 201 201 202 7 202 7 202 202 201 201 201 201 201 201 201 201 201 201 201 201 201 201 201 201 201 201 201 201 201 201 201 201 201 201 201 201 201 201 201 201 201 201 201 201 201 201 201 201 201 201 201 201 201 201 201 201 201 201 201 201 201 201 201 201 201 201 201 201 201 201 201 201 201 201 201 201 201 201 201 201 201 201 201 201 201 201 201 201 201 201 201 201 201 201 201 201 201 201 201 201 201 201 201 201 201 201 201 201 201 201 201 201 201 201 201 201 201 201 201 201 201 201 201 201 201 201 201 201 201 201 
201 201 201 201 201 201 201 201 201 201 201 201 201 201 201 201 201 201 201 201 201 201 201 201 201 201 201 201 201 201 201 201 201 201 201 201 201 201 201 201 201 201 201 201 201 201 201 201 201 201 201 201 201 201 201 202 202 202 201 201 201 201 201 201 201 201 201 201 201 201 201 201 201 201 201 201 201 201 201 201 201 201 201 201 201 201 201 201 201 201 201 201 201 201 201 201 201 201 201 201 201 201 201 201 201 201 201 201 201 201 201 201 201 201 201 201 201 201 201 201 201 201 201 201 201 201 201 201 201 201 201 201 201 201 201 201 201 201 201 201 201 201 201 201 201 201 201 201 201 201 201 201 201 201 201 201 201 201 201 201 201 201 201 201 201 201 201 201 201 201 201 201 201 201 201 201 201 201 201 201 
201 201 201 201 201 201 201 201 201 201 201 201 201 201 201 201 201 201 201 201 201 201 201 201 201 201 201 201 201 201 201 201 201 201 201 201 201 201 201 201 201 201 201 201 201 201 201 201 201 201 201 201 201 201 201 201 201 201 201 201 201 201 201 201 201 201 201 201 201 201 201 201 201 201 201 201 201 201 201 201 201 201 201 201 201 201 201 201 201 201 201 201 201 201 201 201 201 201 201 201 201 201 201 201 201 201 201 201 201 201 201 201 201 201 201 201 201 201 201 201 201 201 201 201 201 201 201 201 201 201 201 201 201 201 201 201 201 201 201 201 201 201 201 201 201 201 201 201 201 201 201 201 201 201 201 201 201 201 201 201 201 201 201 201 201 201 201 201 201 201 201 201 201 201 201 201 201 201 201 201 
201 201 201 201 201 201 201 201 201 201 201 201 201 201 201 201 201 201 201 201 201 201 201 201 201 201 201 201 201 201 201 201 201 201 201 201 201 201 201 201 201 201 201 201 201 201 201 201 201 201 201 201 201 201 201 201 201 201 201 202 202 202 201 201 201 201 201 201 201 201 201 201 201 201 201 201 201 201 201 201 201 201 201 201 201 201 201 201 201 201 201 201 201 201 201 201 201 201 201 201 201 201 201 201 201 201 201 201 201 201 201 201 201 201 201 201 201 201 201 201 201 201 201 201 201 201 201 201 201 201 201 201 201 201 201 201 201 201 201 201 201 201 201 201 201 201 201 201 201 201 201 201 201 201 201 201 201 201 201 201 201 201 201 201 201 201 201 201 201 201 201 201 201 201 201 201 201 201 201 201 
201 201 201 201 201 201 201 201 201 201 201 201 201 201 201 201 201 201 201 201 201 201 201 201 201 201 201 201 201 201 201 201 201 201 201 201 201 201 201 201 201 201 201 201 201 201 201 201 201 201 201 201 201 201 201 201 201 201 202 8 7 202 201 201 201 201 201 201 201 201 201 201 201 201 201 201 201 201 201 201 201 201 201 201 201 201 201 201 201 201 201 201 201 201 201 201 201 201 201 201 201 201 201 201 201 201 201 201 201 201 201 201 201 201 201 201 201 201 201 201 201 201 201 201 201 201 201 201 201 201 201 201 201 201 201 201 201 201 201 201 201 201 201 201 201 201 201 201 201 201 201 201 201 201 201 201 201 201 201 201 201 201 201 201 201 201 201 201 201 201 201 201 201 201 201 201 201 201 201 201 
201 201 201 201 201 201 201 201 201 201 201 201 201 201 201 201 201 201 201 201 201 201 201 201 201 201 201 201 201 201 201 201 201 201 201 201 201 201 201 201 201 201 201 201 201 201 201 201 201 201 201 201 201 201 201 201 202 202 8 6 203 202 201 201 201 201 201 201 201 201 201 201 201 201 201 201 201 201 201 201 201 201 201 201 201 201 201 201 201 201 201 201 201 201 201 201 201 201 201 201 201 201 201 201 201 201 201 201 201 201 201 201 201 202 204 206 207 207 206 204 203 202 201 201 201 201 201 201 201 201 202 202 204 205 206 206 206 206 206 206 205 202 201 201 201 201 201 201 201 201 201 201 201 201 201 201 201 201 201 201 201 201 201 201 201 201 201 201 201 201 201 201 201 201 201 201 201 201 201 201 
201 201 201 201 201 201 201 201 201 201 201 201 201 201 201 201 201 201 201 201 201 201 201 201 201 201 201 201 201 201 201 201 201 201 201 201 201 201 201 201 201 201 201 201 201 201 201 201 201 201 201 201 201 201 201 201 202 202 201 53 202 201 201 201 201 201 201 201 201 201 201 201 201 201 201 201 201 201 201 201 201 201 201 201 201 201 201 201 201 201 201 201 201 201 201 201 201 201 201 201 201 201 201 201 201 203 204 204 203 203 205 207 207 207 208 108 107 107 58 207 206 205 204 203 203 202 201 202 203 205 106 107 107 107 107 107 107 57 57 57 57 54 51 201 201 201 201 201 201 202 202 202 202 202 201 201 51 51 51 201 201 201 201 201 201 201 201 201 201 201 201 201 201 201 201 201 201 201 201 201 
201 201 201 201 201 201 201 201 201 201 201 201 201 201 201 201 201 201 201 201 201 201 201 201 201 201 201 201 201 201 201 201 201 201 201 201 201 201 201 201 201 201 201 201 201 201 201 201 201 201 201 201 201 202 202 52 52 53 53 53 51 201 201 201 201 201 201 201 201 201 201 201 201 201 201 201 201 201 201 201 201 201 201 201 201 202 203 203 203 203 204 205 206 207 207 207 207 207 207 207 207 206 207 207 207 207 207 207 107 107 108 107 107 107 105 103 101 102 104 105 106 106 104 104 203 203 205 206 207 107 107 107 106 105 105 105 104 103 103 104 107 56 203 201 201 201 201 201 202 53 54 54 53 53 202 202 201 201 201 201 201 201 201 201 201 201 202 202 203 204 203 202 201 201 201 201 201 201 201 201 
201 201 201 201 201 201 201 201 201 201 201 201 201 201 201 201 201 201 201 201 201 201 201 201 201 201 201 201 201 201 201 201 201 201 201 201 201 201 201 201 201 201 201 201 201 201 201 201 201 201 202 202 202 202 202 52 53 54 53 54 52 201 201 201 201 201 201 201 201 201 201 201 201 201 201 201 201 201 201 201 201 202 202 54 55 105 106 106 106 106 107 107 107 108 108 107 107 107 107 107 107 107 107 107 107 107 106 105 106 106 105 103 103 103 104 104 103 103 102 102 104 105 105 105 105 106 107 107 106 105 104 104 104 104 104 104 104 103 102 102 105 107 57 205 204 204 54 55 56 57 107 107 107 107 56 54 54 53 53 203 203 203 203 202 202 202 202 52 52 51 53 202 201 201 201 201 201 201 201 201 
201 201 201 201 201 201 201 201 201 201 201 201 201 201 201 201 201 201 201 201 201 202 202 202 201 201 202 203 203 203 202 202 201 201 201 201 201 201 201 201 201 201 201 201 201 201 201 201 201 51 51 51 52 53 53 52 52 53 53 54 202 201 201 201 201 201 201 201 201 201 201 201 201 201 201 201 201 201 201 101 102 103 104 105 106 106 106 106 106 106 106 105 105 105 104 104 104 104 103 104 104 104 104 104 104 104 104 104 105 105 105 104 104 104 104 104 104 104 104 103 103 105 105 106 106 106 105 104 104 104 104 104 104 103 102 103 104 104 104 103 103 105 107 57 57 107 57 57 107 107 107 108 108 107 107 107 107 56 56 56 55 55 54 54 54 55 55 54 52 203 203 202 201 201 201 201 201 201 201 201 
201 201 201 201 201 201 201 201 201 201 201 201 201 201 201 52 53 53 53 53 53 53 53 53 53 52 53 52 52 52 52 52 51 201 201 201 201 201 201 201 201 201 202 202 202 202 202 202 202 201 202 202 202 202 51 52 52 53 53 203 202 201 201 201 201 201 201 201 201 201 201 201 201 202 202 103 104 104 104 105 105 105 106 106 105 104 103 103 103 102 103 104 104 104 104 104 104 104 104 104 104 104 104 104 104 104 104 104 104 104 104 104 103 102 102 102 102 103 104 104 104 104 105 105 105 105 105 104 104 104 104 103 102 101 101 101 102 103 104 104 104 104 105 106 107 107 107 106 105 105 104 104 104 105 105 105 106 106 106 106 106 106 106 106 106 106 107 106 106 54 203 202 201 201 201 201 201 201 201 201 
201 201 201 201 201 201 201 201 201 201 201 201 201 51 51 52 52 52 52 53 53 52 52 52 53 52 51 52 53 203 202 202 201 201 201 201 201 201 201 201 202 202 202 203 203 53 53 203 202 202 52 51 202 203 203 203 203 202 201 201 201 201 201 201 201 201 201 201 201 201 201 202 203 103 104 104 105 105 105 105 106 106 105 105 103 102 101 101 101 101 103 104 103 101 101 101 102 102 102 102 102 102 102 102 102 102 102 102 101 101 101 101 101 101 101 101 101 101 102 103 104 104 104 104 104 104 104 104 103 103 102 101 101 101 101 101 101 101 102 103 103 104 104 104 104 104 104 104 104 103 102 101 102 104 104 103 102 102 103 103 104 105 105 105 105 105 104 105 106 54 53 52 51 201 201 201 201 201 201 201 
201 201 201 201 201 201 201 201 201 201 201 201 201 201 201 202 203 203 203 203 203 203 203 203 203 203 203 202 202 202 201 201 201 201 201 201 201 201 201 51 52 52 52 52 52 51 52 52 52 52 52 51 201 201 202 202 202 201 201 201 201 201 201 201 201 201 201 201 201 202 203 204 204 205 105 104 105 105 105 105 105 104 103 102 101 101 101 101 101 101 103 104 104 102 101 101 101 101 101 101 101 101 101 101 101 101 101 101 101 101 101 101 101 101 101 101 101 101 101 101 101 102 102 102 102 101 101 101 101 101 101 101 101 101 101 101 101 101 101 101 101 101 101 101 101 101 101 101 101 101 101 101 101 103 104 104 104 104 103 102 102 101 101 101 101 101 101 104 106 56 54 52 201 201 201 201 201 201 201 201 
201 201 201 201 201 201 201 201 201 201 201 201 201 201 201 201 201 202 202 203 203 203 203 203 203 202 201 201 201 201 201 201 201 201 201 202 202 53 53 53 53 52 52 52 51 52 202 202 202 202 202 201 201 201 201 201 201 201 201 201 201 201 202 202 202 202 202 203 204 204 105 105 105 105 105 105 105 104 104 104 103 102 101 101 101 101 101 101 101 101 102 103 104 104 104 103 102 101 101 101 101 101 101 101 101 101 101 101 101 101 101 101 101 101 101 101 101 101 101 101 101 101 101 101 101 101 101 101 101 101 101 101 101 101 101 101 101 101 101 101 101 101 101 101 101 101 101 101 101 101 101 101 101 101 102 103 104 104 104 104 104 104 104 103 103 102 101 102 105 107 207 206 205 204 204 203 203 203 203 202 
206 207 207 207 207 207 206 205 203 202 201 201 201 202 202 202 204 206 207 207 207 207 207 207 207 207 207 207 207 207 207 207 207 207 207 57 57 57 57 57 57 56 56 55 54 54 55 55 55 55 55 56 56 55 56 56 206 206 206 206 206 206 206 207 207 207 206 106 106 106 106 105 105 105 104 104 103 103 102 101 101 101 101 101 101 101 101 101 101 101 101 101 102 103 104 104 104 103 103 102 101 101 101 101 101 101 101 101 101 101 101 101 101 101 101 101 101 101 101 101 101 101 101 101 101 101 101 101 101 101 101 101 101 101 101 101 101 101 101 101 101 101 101 101 101 101 101 101 101 101 101 101 101 101 101 101 101 102 103 103 104 104 104 104 104 104 104 104 103 105 106 107 107 107 107 107 107 207 207 206 
106 107 107 107 107 107 108 108 107 107 107 107 107 107 107 107 108 108 107 107 107 107 107 107 107 107 107 107 107 107 107 107 107 107 107 107 107 106 106 106 106 106 106 56 56 56 57 57 57 57 58 58 58 57 107 107 108 108 108 108 108 107 107 107 107 107 107 106 106 105 105 104 104 103 102 102 101 101 101 101 101 101 101 101 102 102 102 102 102 102 102 102 102 102 102 103 104 104 104 104 104 103 102 101 101 101 101 101 101 101 101 101 101 101 101 101 101 101 101 101 101 101 101 101 101 101 101 101 101 101 101 101 101 101 101 101 101 101 101 101 101 101 101 101 101 101 101 101 101 101 101 101 101 101 101 101 101 101 101 101 101 102 102 102 103 104 104 104 104 104 104 104 55 56 106 106 106 106 106 106 
104 104 104 104 104 104 105 106 106 107 107 107 107 107 106 106 106 104 101 101 101 101 101 101 101 101 101 101 101 101 101 101 101 101 101 101 101 101 101 101 102 104 105 106 106 106 106 106 106 106 106 106 106 106 106 106 106 106 106 106 106 105 105 105 105 105 105 105 105 105 104 104 104 104 104 103 103 103 103 103 104 104 104 104 104 104 104 104 104 104 104 104 104 104 104 104 104 103 103 102 102 102 102 102 101 101 101 101 101 101 101 101 101 101 101 101 101 101 101 101 101 101 101 101 101 101 101 101 101 101 101 101 101 101 101 101 101 101 101 101 101 101 101 101 101 101 101 101 101 101 101 101 101 101 101 101 101 101 101 101 101 101 101 101 101 101 102 102 103 104 104 104 104 104 104 104 104 104 104 104 
103 104 104 104 104 104 104 104 102 101 101 101 101 101 101 101 101 101 101 101 101 101 101 101 101 101 101 101 101 101 101 101 101 101 101 101 101 101 101 101 102 104 104 104 104 104 104 104 104 104 104 104 104 104 104 104 104 104 104 104 104 104 104 104 104 104 104 104 104 104 104 104 104 104 104 104 103 103 103 104 104 104 104 104 104 104 104 104 104 104 104 104 104 104 104 104 104 104 104 104 103 103 102 101 101 101 101 101 101 101 101 101 101 101 101 101 101 101 101 101 101 101 101 101 101 101 101 101 101 101 101 101 101 101 101 101 101 101 101 101 101 101 101 101 101 101 101 101 101 101 101 101 101 101 101 101 101 101 101 101 101 101 101 101 101 101 101 101 101 101 102 102 103 103 103 104 104 104 104 103 
